Thuật toán: SHillClimbing
Thời gian chạy: 0.027989 giây
Số trạng thái duyệt: 166
Số trạng thái đường đi: 166
Đường đi:

Bước 1:
2 6 5
0 8 7
3 1 4

Bước 2:
2 6 5
3 8 7
0 1 4

Bước 3:
2 6 5
3 8 7
1 0 4

Bước 4:
2 6 5
3 0 7
1 8 4

Bước 5:
2 6 5
0 3 7
1 8 4

Bước 6:
2 6 5
1 3 7
0 8 4

Bước 7:
2 6 5
1 3 7
8 0 4

Bước 8:
2 6 5
1 3 7
8 4 0

Bước 9:
2 6 5
1 3 0
8 4 7

Bước 10:
2 6 0
1 3 5
8 4 7

Bước 11:
2 0 6
1 3 5
8 4 7

Bước 12:
0 2 6
1 3 5
8 4 7

Bước 13:
1 2 6
0 3 5
8 4 7

Bước 14:
1 2 6
8 3 5
0 4 7

Bước 15:
1 2 6
8 3 5
4 0 7

Bước 16:
1 2 6
8 3 5
4 7 0

Bước 17:
1 2 6
8 3 0
4 7 5

Bước 18:
1 2 0
8 3 6
4 7 5

Bước 19:
1 0 2
8 3 6
4 7 5

Bước 20:
1 3 2
8 0 6
4 7 5

Bước 21:
1 3 2
0 8 6
4 7 5

Bước 22:
1 3 2
4 8 6
0 7 5

Bước 23:
1 3 2
4 8 6
7 0 5

Bước 24:
1 3 2
4 0 6
7 8 5

Bước 25:
1 0 2
4 3 6
7 8 5

Bước 26:
1 2 0
4 3 6
7 8 5

Bước 27:
1 2 6
4 3 0
7 8 5

Bước 28:
1 2 6
4 0 3
7 8 5

Bước 29:
1 0 6
4 2 3
7 8 5

Bước 30:
1 6 0
4 2 3
7 8 5

Bước 31:
1 6 3
4 2 0
7 8 5

Bước 32:
1 6 3
4 2 5
7 8 0

Bước 33:
1 6 3
4 2 5
7 0 8

Bước 34:
1 6 3
4 0 5
7 2 8

Bước 35:
1 6 3
4 5 0
7 2 8

Bước 36:
1 6 3
4 5 8
7 2 0

Bước 37:
1 6 3
4 5 8
7 0 2

Bước 38:
1 6 3
4 0 8
7 5 2

Bước 39:
1 0 3
4 6 8
7 5 2

Bước 40:
0 1 3
4 6 8
7 5 2

Bước 41:
4 1 3
0 6 8
7 5 2

Bước 42:
4 1 3
6 0 8
7 5 2

Bước 43:
4 1 3
6 5 8
7 0 2

Bước 44:
4 1 3
6 5 8
7 2 0

Bước 45:
4 1 3
6 5 0
7 2 8

Bước 46:
4 1 0
6 5 3
7 2 8

Bước 47:
4 0 1
6 5 3
7 2 8

Bước 48:
0 4 1
6 5 3
7 2 8

Bước 49:
6 4 1
0 5 3
7 2 8

Bước 50:
6 4 1
5 0 3
7 2 8

Bước 51:
6 4 1
5 2 3
7 0 8

Bước 52:
6 4 1
5 2 3
7 8 0

Bước 53:
6 4 1
5 2 0
7 8 3

Bước 54:
6 4 0
5 2 1
7 8 3

Bước 55:
6 0 4
5 2 1
7 8 3

Bước 56:
6 2 4
5 0 1
7 8 3

Bước 57:
6 2 4
0 5 1
7 8 3

Bước 58:
0 2 4
6 5 1
7 8 3

Bước 59:
2 0 4
6 5 1
7 8 3

Bước 60:
2 4 0
6 5 1
7 8 3

Bước 61:
2 4 1
6 5 0
7 8 3

Bước 62:
2 4 1
6 5 3
7 8 0

Bước 63:
2 4 1
6 5 3
7 0 8

Bước 64:
2 4 1
6 0 3
7 5 8

Bước 65:
2 4 1
0 6 3
7 5 8

Bước 66:
0 4 1
2 6 3
7 5 8

Bước 67:
4 0 1
2 6 3
7 5 8

Bước 68:
4 1 0
2 6 3
7 5 8

Bước 69:
4 1 3
2 6 0
7 5 8

Bước 70:
4 1 3
2 0 6
7 5 8

Bước 71:
4 1 3
2 5 6
7 0 8

Bước 72:
4 1 3
2 5 6
7 8 0

Bước 73:
4 1 3
2 5 0
7 8 6

Bước 74:
4 1 0
2 5 3
7 8 6

Bước 75:
4 0 1
2 5 3
7 8 6

Bước 76:
0 4 1
2 5 3
7 8 6

Bước 77:
2 4 1
0 5 3
7 8 6

Bước 78:
2 4 1
5 0 3
7 8 6

Bước 79:
2 0 1
5 4 3
7 8 6

Bước 80:
0 2 1
5 4 3
7 8 6

Bước 81:
5 2 1
0 4 3
7 8 6

Bước 82:
5 2 1
4 0 3
7 8 6

Bước 83:
5 2 1
4 3 0
7 8 6

Bước 84:
5 2 1
4 3 6
7 8 0

Bước 85:
5 2 1
4 3 6
7 0 8

Bước 86:
5 2 1
4 0 6
7 3 8

Bước 87:
5 0 1
4 2 6
7 3 8

Bước 88:
5 1 0
4 2 6
7 3 8

Bước 89:
5 1 6
4 2 0
7 3 8

Bước 90:
5 1 6
4 0 2
7 3 8

Bước 91:
5 1 6
4 3 2
7 0 8

Bước 92:
5 1 6
4 3 2
7 8 0

Bước 93:
5 1 6
4 3 0
7 8 2

Bước 94:
5 1 0
4 3 6
7 8 2

Bước 95:
5 0 1
4 3 6
7 8 2

Bước 96:
0 5 1
4 3 6
7 8 2

Bước 97:
4 5 1
0 3 6
7 8 2

Bước 98:
4 5 1
3 0 6
7 8 2

Bước 99:
4 0 1
3 5 6
7 8 2

Bước 100:
4 1 0
3 5 6
7 8 2

Bước 101:
4 1 6
3 5 0
7 8 2

Bước 102:
4 1 6
3 5 2
7 8 0

Bước 103:
4 1 6
3 5 2
7 0 8

Bước 104:
4 1 6
3 0 2
7 5 8

Bước 105:
4 1 6
0 3 2
7 5 8

Bước 106:
0 1 6
4 3 2
7 5 8

Bước 107:
1 0 6
4 3 2
7 5 8

Bước 108:
1 3 6
4 0 2
7 5 8

Bước 109:
1 3 6
4 5 2
7 0 8

Bước 110:
1 3 6
4 5 2
7 8 0

Bước 111:
1 3 6
4 5 0
7 8 2

Bước 112:
1 3 0
4 5 6
7 8 2

Bước 113:
1 0 3
4 5 6
7 8 2

Bước 114:
0 1 3
4 5 6
7 8 2

Bước 115:
4 1 3
0 5 6
7 8 2

Bước 116:
4 1 3
5 0 6
7 8 2

Bước 117:
4 0 3
5 1 6
7 8 2

Bước 118:
0 4 3
5 1 6
7 8 2

Bước 119:
5 4 3
0 1 6
7 8 2

Bước 120:
5 4 3
1 0 6
7 8 2

Bước 121:
5 0 3
1 4 6
7 8 2

Bước 122:
0 5 3
1 4 6
7 8 2

Bước 123:
1 5 3
0 4 6
7 8 2

Bước 124:
1 5 3
4 0 6
7 8 2

Bước 125:
1 5 3
4 6 0
7 8 2

Bước 126:
1 5 3
4 6 2
7 8 0

Bước 127:
1 5 3
4 6 2
7 0 8

Bước 128:
1 5 3
4 0 2
7 6 8

Bước 129:
1 0 3
4 5 2
7 6 8

Bước 130:
0 1 3
4 5 2
7 6 8

Bước 131:
4 1 3
0 5 2
7 6 8

Bước 132:
4 1 3
5 0 2
7 6 8

Bước 133:
4 1 3
5 2 0
7 6 8

Bước 134:
4 1 3
5 2 8
7 6 0

Bước 135:
4 1 3
5 2 8
7 0 6

Bước 136:
4 1 3
5 0 8
7 2 6

Bước 137:
4 1 3
0 5 8
7 2 6

Bước 138:
0 1 3
4 5 8
7 2 6

Bước 139:
1 0 3
4 5 8
7 2 6

Bước 140:
1 3 0
4 5 8
7 2 6

Bước 141:
1 3 8
4 5 0
7 2 6

Bước 142:
1 3 8
4 5 6
7 2 0

Bước 143:
1 3 8
4 5 6
7 0 2

Bước 144:
1 3 8
4 0 6
7 5 2

Bước 145:
1 0 8
4 3 6
7 5 2

Bước 146:
1 8 0
4 3 6
7 5 2

Bước 147:
1 8 6
4 3 0
7 5 2

Bước 148:
1 8 6
4 3 2
7 5 0

Bước 149:
1 8 6
4 3 2
7 0 5

Bước 150:
1 8 6
4 0 2
7 3 5

Bước 151:
1 0 6
4 8 2
7 3 5

Bước 152:
1 6 0
4 8 2
7 3 5

Bước 153:
1 6 2
4 8 0
7 3 5

Bước 154:
1 6 2
4 8 5
7 3 0

Bước 155:
1 6 2
4 8 5
7 0 3

Bước 156:
1 6 2
4 0 5
7 8 3

Bước 157:
1 6 2
4 5 0
7 8 3

Bước 158:
1 6 2
4 5 3
7 8 0

Bước 159:
1 6 2
4 5 3
7 0 8

Bước 160:
1 6 2
4 0 3
7 5 8

Bước 161:
1 0 2
4 6 3
7 5 8

Bước 162:
1 2 0
4 6 3
7 5 8

Bước 163:
1 2 3
4 6 0
7 5 8

Bước 164:
1 2 3
4 0 6
7 5 8

Bước 165:
1 2 3
4 5 6
7 0 8

Bước 166:
1 2 3
4 5 6
7 8 0
